{
  "nbformat": 4,
  "nbformat_minor": 5,
  "metadata": {
    "kernelspec": {
      "display_name": "Python 3",
      "language": "python",
      "name": "python3"
    },
    "language_info": {
      "codemirror_mode": {
        "name": "ipython",
        "version": 3
      },
      "file_extension": ".py",
      "mimetype": "text/x-python",
      "name": "python",
      "nbconvert_exporter": "python",
      "pygments_lexer": "ipython3",
      "version": "3.8.10"
    },
    "colab": {
      "name": "Group_Project.ipynb",
      "provenance": [],
      "collapsed_sections": [],
      "toc_visible": true
    }
  },
  "cells": [
    {
      "cell_type": "markdown",
      "metadata": {
        "id": "Ps889UGrtQAR"
      },
      "source": [
        "This analysis provide insight on richest classes of food of cereals food and thier importance with the recommedation base on the analysis are report"
      ],
      "id": "Ps889UGrtQAR"
    },
    {
      "cell_type": "code",
      "metadata": {
        "colab": {
          "base_uri": "https://localhost:8080/",
          "height": 17
        },
        "id": "VLlcAhfntQAX",
        "outputId": "13330881-68ae-4f8e-cad4-ba3a36d46ae2"
      },
      "source": [
        "import pandas as pd\n",
        "import seaborn as sns\n",
        "import matplotlib.pyplot as plt \n",
        "import plotly.offline as py \n",
        "py.init_notebook_mode(connected=True) # this code, allow us to work with offline plotly version\n",
        "import plotly.graph_objs as go # it's like \"plt\" of matplot\n",
        "import plotly.tools as tls\n"
      ],
      "id": "VLlcAhfntQAX",
      "execution_count": null,
      "outputs": [
        {
          "output_type": "display_data",
          "data": {
            "text/html": [
              "        <script type=\"text/javascript\">\n",
              "        window.PlotlyConfig = {MathJaxConfig: 'local'};\n",
              "        if (window.MathJax) {MathJax.Hub.Config({SVG: {font: \"STIX-Web\"}});}\n",
              "        if (typeof require !== 'undefined') {\n",
              "        require.undef(\"plotly\");\n",
              "        requirejs.config({\n",
              "            paths: {\n",
              "                'plotly': ['https://cdn.plot.ly/plotly-latest.min']\n",
              "            }\n",
              "        });\n",
              "        require(['plotly'], function(Plotly) {\n",
              "            window._Plotly = Plotly;\n",
              "        });\n",
              "        }\n",
              "        </script>\n",
              "        "
            ]
          },
          "metadata": {
            "tags": []
          }
        }
      ]
    },
    {
      "cell_type": "code",
      "metadata": {
        "colab": {
          "base_uri": "https://localhost:8080/",
          "height": 400
        },
        "id": "9f4x-VkntQAb",
        "outputId": "2c6c1b3b-e770-4b3f-a60f-45aae1dc5289"
      },
      "source": [
        "cereals_df = pd.read_csv(\"cereal.csv\")\n",
        "cereals_df.head()\n"
      ],
      "id": "9f4x-VkntQAb",
      "execution_count": null,
      "outputs": [
        {
          "output_type": "error",
          "ename": "FileNotFoundError",
          "evalue": "ignored",
          "traceback": [
            "\u001b[0;31m---------------------------------------------------------------------------\u001b[0m",
            "\u001b[0;31mFileNotFoundError\u001b[0m                         Traceback (most recent call last)",
            "\u001b[0;32m<ipython-input-16-9a230da9dc7b>\u001b[0m in \u001b[0;36m<module>\u001b[0;34m()\u001b[0m\n\u001b[0;32m----> 1\u001b[0;31m \u001b[0mcereals_df\u001b[0m \u001b[0;34m=\u001b[0m \u001b[0mpd\u001b[0m\u001b[0;34m.\u001b[0m\u001b[0mread_csv\u001b[0m\u001b[0;34m(\u001b[0m\u001b[0;34m\"cereal.csv\"\u001b[0m\u001b[0;34m)\u001b[0m\u001b[0;34m\u001b[0m\u001b[0;34m\u001b[0m\u001b[0m\n\u001b[0m\u001b[1;32m      2\u001b[0m \u001b[0mcereals_df\u001b[0m\u001b[0;34m.\u001b[0m\u001b[0mhead\u001b[0m\u001b[0;34m(\u001b[0m\u001b[0;34m)\u001b[0m\u001b[0;34m\u001b[0m\u001b[0;34m\u001b[0m\u001b[0m\n",
            "\u001b[0;32m/usr/local/lib/python3.7/dist-packages/pandas/io/parsers.py\u001b[0m in \u001b[0;36mread_csv\u001b[0;34m(filepath_or_buffer, sep, delimiter, header, names, index_col, usecols, squeeze, prefix, mangle_dupe_cols, dtype, engine, converters, true_values, false_values, skipinitialspace, skiprows, skipfooter, nrows, na_values, keep_default_na, na_filter, verbose, skip_blank_lines, parse_dates, infer_datetime_format, keep_date_col, date_parser, dayfirst, cache_dates, iterator, chunksize, compression, thousands, decimal, lineterminator, quotechar, quoting, doublequote, escapechar, comment, encoding, dialect, error_bad_lines, warn_bad_lines, delim_whitespace, low_memory, memory_map, float_precision)\u001b[0m\n\u001b[1;32m    686\u001b[0m     )\n\u001b[1;32m    687\u001b[0m \u001b[0;34m\u001b[0m\u001b[0m\n\u001b[0;32m--> 688\u001b[0;31m     \u001b[0;32mreturn\u001b[0m \u001b[0m_read\u001b[0m\u001b[0;34m(\u001b[0m\u001b[0mfilepath_or_buffer\u001b[0m\u001b[0;34m,\u001b[0m \u001b[0mkwds\u001b[0m\u001b[0;34m)\u001b[0m\u001b[0;34m\u001b[0m\u001b[0;34m\u001b[0m\u001b[0m\n\u001b[0m\u001b[1;32m    689\u001b[0m \u001b[0;34m\u001b[0m\u001b[0m\n\u001b[1;32m    690\u001b[0m \u001b[0;34m\u001b[0m\u001b[0m\n",
            "\u001b[0;32m/usr/local/lib/python3.7/dist-packages/pandas/io/parsers.py\u001b[0m in \u001b[0;36m_read\u001b[0;34m(filepath_or_buffer, kwds)\u001b[0m\n\u001b[1;32m    452\u001b[0m \u001b[0;34m\u001b[0m\u001b[0m\n\u001b[1;32m    453\u001b[0m     \u001b[0;31m# Create the parser.\u001b[0m\u001b[0;34m\u001b[0m\u001b[0;34m\u001b[0m\u001b[0;34m\u001b[0m\u001b[0m\n\u001b[0;32m--> 454\u001b[0;31m     \u001b[0mparser\u001b[0m \u001b[0;34m=\u001b[0m \u001b[0mTextFileReader\u001b[0m\u001b[0;34m(\u001b[0m\u001b[0mfp_or_buf\u001b[0m\u001b[0;34m,\u001b[0m \u001b[0;34m**\u001b[0m\u001b[0mkwds\u001b[0m\u001b[0;34m)\u001b[0m\u001b[0;34m\u001b[0m\u001b[0;34m\u001b[0m\u001b[0m\n\u001b[0m\u001b[1;32m    455\u001b[0m \u001b[0;34m\u001b[0m\u001b[0m\n\u001b[1;32m    456\u001b[0m     \u001b[0;32mif\u001b[0m \u001b[0mchunksize\u001b[0m \u001b[0;32mor\u001b[0m \u001b[0miterator\u001b[0m\u001b[0;34m:\u001b[0m\u001b[0;34m\u001b[0m\u001b[0;34m\u001b[0m\u001b[0m\n",
            "\u001b[0;32m/usr/local/lib/python3.7/dist-packages/pandas/io/parsers.py\u001b[0m in \u001b[0;36m__init__\u001b[0;34m(self, f, engine, **kwds)\u001b[0m\n\u001b[1;32m    946\u001b[0m             \u001b[0mself\u001b[0m\u001b[0;34m.\u001b[0m\u001b[0moptions\u001b[0m\u001b[0;34m[\u001b[0m\u001b[0;34m\"has_index_names\"\u001b[0m\u001b[0;34m]\u001b[0m \u001b[0;34m=\u001b[0m \u001b[0mkwds\u001b[0m\u001b[0;34m[\u001b[0m\u001b[0;34m\"has_index_names\"\u001b[0m\u001b[0;34m]\u001b[0m\u001b[0;34m\u001b[0m\u001b[0;34m\u001b[0m\u001b[0m\n\u001b[1;32m    947\u001b[0m \u001b[0;34m\u001b[0m\u001b[0m\n\u001b[0;32m--> 948\u001b[0;31m         \u001b[0mself\u001b[0m\u001b[0;34m.\u001b[0m\u001b[0m_make_engine\u001b[0m\u001b[0;34m(\u001b[0m\u001b[0mself\u001b[0m\u001b[0;34m.\u001b[0m\u001b[0mengine\u001b[0m\u001b[0;34m)\u001b[0m\u001b[0;34m\u001b[0m\u001b[0;34m\u001b[0m\u001b[0m\n\u001b[0m\u001b[1;32m    949\u001b[0m \u001b[0;34m\u001b[0m\u001b[0m\n\u001b[1;32m    950\u001b[0m     \u001b[0;32mdef\u001b[0m \u001b[0mclose\u001b[0m\u001b[0;34m(\u001b[0m\u001b[0mself\u001b[0m\u001b[0;34m)\u001b[0m\u001b[0;34m:\u001b[0m\u001b[0;34m\u001b[0m\u001b[0;34m\u001b[0m\u001b[0m\n",
            "\u001b[0;32m/usr/local/lib/python3.7/dist-packages/pandas/io/parsers.py\u001b[0m in \u001b[0;36m_make_engine\u001b[0;34m(self, engine)\u001b[0m\n\u001b[1;32m   1178\u001b[0m     \u001b[0;32mdef\u001b[0m \u001b[0m_make_engine\u001b[0m\u001b[0;34m(\u001b[0m\u001b[0mself\u001b[0m\u001b[0;34m,\u001b[0m \u001b[0mengine\u001b[0m\u001b[0;34m=\u001b[0m\u001b[0;34m\"c\"\u001b[0m\u001b[0;34m)\u001b[0m\u001b[0;34m:\u001b[0m\u001b[0;34m\u001b[0m\u001b[0;34m\u001b[0m\u001b[0m\n\u001b[1;32m   1179\u001b[0m         \u001b[0;32mif\u001b[0m \u001b[0mengine\u001b[0m \u001b[0;34m==\u001b[0m \u001b[0;34m\"c\"\u001b[0m\u001b[0;34m:\u001b[0m\u001b[0;34m\u001b[0m\u001b[0;34m\u001b[0m\u001b[0m\n\u001b[0;32m-> 1180\u001b[0;31m             \u001b[0mself\u001b[0m\u001b[0;34m.\u001b[0m\u001b[0m_engine\u001b[0m \u001b[0;34m=\u001b[0m \u001b[0mCParserWrapper\u001b[0m\u001b[0;34m(\u001b[0m\u001b[0mself\u001b[0m\u001b[0;34m.\u001b[0m\u001b[0mf\u001b[0m\u001b[0;34m,\u001b[0m \u001b[0;34m**\u001b[0m\u001b[0mself\u001b[0m\u001b[0;34m.\u001b[0m\u001b[0moptions\u001b[0m\u001b[0;34m)\u001b[0m\u001b[0;34m\u001b[0m\u001b[0;34m\u001b[0m\u001b[0m\n\u001b[0m\u001b[1;32m   1181\u001b[0m         \u001b[0;32melse\u001b[0m\u001b[0;34m:\u001b[0m\u001b[0;34m\u001b[0m\u001b[0;34m\u001b[0m\u001b[0m\n\u001b[1;32m   1182\u001b[0m             \u001b[0;32mif\u001b[0m \u001b[0mengine\u001b[0m \u001b[0;34m==\u001b[0m \u001b[0;34m\"python\"\u001b[0m\u001b[0;34m:\u001b[0m\u001b[0;34m\u001b[0m\u001b[0;34m\u001b[0m\u001b[0m\n",
            "\u001b[0;32m/usr/local/lib/python3.7/dist-packages/pandas/io/parsers.py\u001b[0m in \u001b[0;36m__init__\u001b[0;34m(self, src, **kwds)\u001b[0m\n\u001b[1;32m   2008\u001b[0m         \u001b[0mkwds\u001b[0m\u001b[0;34m[\u001b[0m\u001b[0;34m\"usecols\"\u001b[0m\u001b[0;34m]\u001b[0m \u001b[0;34m=\u001b[0m \u001b[0mself\u001b[0m\u001b[0;34m.\u001b[0m\u001b[0musecols\u001b[0m\u001b[0;34m\u001b[0m\u001b[0;34m\u001b[0m\u001b[0m\n\u001b[1;32m   2009\u001b[0m \u001b[0;34m\u001b[0m\u001b[0m\n\u001b[0;32m-> 2010\u001b[0;31m         \u001b[0mself\u001b[0m\u001b[0;34m.\u001b[0m\u001b[0m_reader\u001b[0m \u001b[0;34m=\u001b[0m \u001b[0mparsers\u001b[0m\u001b[0;34m.\u001b[0m\u001b[0mTextReader\u001b[0m\u001b[0;34m(\u001b[0m\u001b[0msrc\u001b[0m\u001b[0;34m,\u001b[0m \u001b[0;34m**\u001b[0m\u001b[0mkwds\u001b[0m\u001b[0;34m)\u001b[0m\u001b[0;34m\u001b[0m\u001b[0;34m\u001b[0m\u001b[0m\n\u001b[0m\u001b[1;32m   2011\u001b[0m         \u001b[0mself\u001b[0m\u001b[0;34m.\u001b[0m\u001b[0munnamed_cols\u001b[0m \u001b[0;34m=\u001b[0m \u001b[0mself\u001b[0m\u001b[0;34m.\u001b[0m\u001b[0m_reader\u001b[0m\u001b[0;34m.\u001b[0m\u001b[0munnamed_cols\u001b[0m\u001b[0;34m\u001b[0m\u001b[0;34m\u001b[0m\u001b[0m\n\u001b[1;32m   2012\u001b[0m \u001b[0;34m\u001b[0m\u001b[0m\n",
            "\u001b[0;32mpandas/_libs/parsers.pyx\u001b[0m in \u001b[0;36mpandas._libs.parsers.TextReader.__cinit__\u001b[0;34m()\u001b[0m\n",
            "\u001b[0;32mpandas/_libs/parsers.pyx\u001b[0m in \u001b[0;36mpandas._libs.parsers.TextReader._setup_parser_source\u001b[0;34m()\u001b[0m\n",
            "\u001b[0;31mFileNotFoundError\u001b[0m: [Errno 2] No such file or directory: 'cereal.csv'"
          ]
        }
      ]
    },
    {
      "cell_type": "code",
      "metadata": {
        "id": "gZFrmaryeC-9"
      },
      "source": [
        "from google.colab import drive\n",
        "drive.mount('/content/drive')"
      ],
      "id": "gZFrmaryeC-9",
      "execution_count": null,
      "outputs": []
    },
    {
      "cell_type": "markdown",
      "metadata": {
        "id": "B6qKkV3YtQAd"
      },
      "source": [
        "the weight an"
      ],
      "id": "B6qKkV3YtQAd"
    },
    {
      "cell_type": "code",
      "metadata": {
        "colab": {
          "base_uri": "https://localhost:8080/",
          "height": 167
        },
        "id": "pHEnOujmtQAe",
        "outputId": "76bc39f6-d17e-4e48-863a-e4a8d257f6ba"
      },
      "source": [
        "cereals_df['weight'].value_counts()"
      ],
      "id": "pHEnOujmtQAe",
      "execution_count": null,
      "outputs": [
        {
          "output_type": "error",
          "ename": "NameError",
          "evalue": "ignored",
          "traceback": [
            "\u001b[0;31m---------------------------------------------------------------------------\u001b[0m",
            "\u001b[0;31mNameError\u001b[0m                                 Traceback (most recent call last)",
            "\u001b[0;32m<ipython-input-9-4a8013f8a1a8>\u001b[0m in \u001b[0;36m<module>\u001b[0;34m()\u001b[0m\n\u001b[0;32m----> 1\u001b[0;31m \u001b[0mcereals_df\u001b[0m\u001b[0;34m[\u001b[0m\u001b[0;34m'weight'\u001b[0m\u001b[0;34m]\u001b[0m\u001b[0;34m.\u001b[0m\u001b[0mvalue_counts\u001b[0m\u001b[0;34m(\u001b[0m\u001b[0;34m)\u001b[0m\u001b[0;34m\u001b[0m\u001b[0;34m\u001b[0m\u001b[0m\n\u001b[0m",
            "\u001b[0;31mNameError\u001b[0m: name 'cereals_df' is not defined"
          ]
        }
      ]
    },
    {
      "cell_type": "code",
      "metadata": {
        "id": "hLssRFk7tQAf"
      },
      "source": [
        "def nutritions_per_kg(cols):\n",
        "    for col in cols:\n",
        "        cereals_df[col] = cereals_df[col]/cereals_df['weight']\n",
        "    \n",
        "cols = ['calories', 'protein', 'fat', 'sodium', 'fiber', 'carbo', 'sugars', 'potass', 'vitamins']\n",
        "nutritions_per_kg(cols)"
      ],
      "id": "hLssRFk7tQAf",
      "execution_count": null,
      "outputs": []
    },
    {
      "cell_type": "code",
      "metadata": {
        "id": "LdTm8cvYtQAg",
        "outputId": "e4b1d0bd-a562-4d09-b7aa-d43ab45d3670"
      },
      "source": [
        "cereals_df.corr()"
      ],
      "id": "LdTm8cvYtQAg",
      "execution_count": null,
      "outputs": [
        {
          "output_type": "execute_result",
          "data": {
            "text/html": [
              "<div>\n",
              "<style scoped>\n",
              "    .dataframe tbody tr th:only-of-type {\n",
              "        vertical-align: middle;\n",
              "    }\n",
              "\n",
              "    .dataframe tbody tr th {\n",
              "        vertical-align: top;\n",
              "    }\n",
              "\n",
              "    .dataframe thead th {\n",
              "        text-align: right;\n",
              "    }\n",
              "</style>\n",
              "<table border=\"1\" class=\"dataframe\">\n",
              "  <thead>\n",
              "    <tr style=\"text-align: right;\">\n",
              "      <th></th>\n",
              "      <th>calories</th>\n",
              "      <th>protein</th>\n",
              "      <th>fat</th>\n",
              "      <th>sodium</th>\n",
              "      <th>fiber</th>\n",
              "      <th>carbo</th>\n",
              "      <th>sugars</th>\n",
              "      <th>potass</th>\n",
              "      <th>vitamins</th>\n",
              "      <th>shelf</th>\n",
              "      <th>weight</th>\n",
              "      <th>cups</th>\n",
              "      <th>rating</th>\n",
              "    </tr>\n",
              "  </thead>\n",
              "  <tbody>\n",
              "    <tr>\n",
              "      <th>calories</th>\n",
              "      <td>1.000000</td>\n",
              "      <td>-0.181257</td>\n",
              "      <td>0.485225</td>\n",
              "      <td>0.132558</td>\n",
              "      <td>-0.663329</td>\n",
              "      <td>0.199731</td>\n",
              "      <td>0.378254</td>\n",
              "      <td>-0.535713</td>\n",
              "      <td>0.057572</td>\n",
              "      <td>-0.067530</td>\n",
              "      <td>-0.093900</td>\n",
              "      <td>0.340815</td>\n",
              "      <td>-0.647803</td>\n",
              "    </tr>\n",
              "    <tr>\n",
              "      <th>protein</th>\n",
              "      <td>-0.181257</td>\n",
              "      <td>1.000000</td>\n",
              "      <td>0.149399</td>\n",
              "      <td>-0.152149</td>\n",
              "      <td>0.461829</td>\n",
              "      <td>-0.120526</td>\n",
              "      <td>-0.493234</td>\n",
              "      <td>0.502966</td>\n",
              "      <td>-0.089922</td>\n",
              "      <td>0.085516</td>\n",
              "      <td>-0.118919</td>\n",
              "      <td>-0.176032</td>\n",
              "      <td>0.579989</td>\n",
              "    </tr>\n",
              "    <tr>\n",
              "      <th>fat</th>\n",
              "      <td>0.485225</td>\n",
              "      <td>0.149399</td>\n",
              "      <td>1.000000</td>\n",
              "      <td>-0.021551</td>\n",
              "      <td>-0.012314</td>\n",
              "      <td>-0.405125</td>\n",
              "      <td>0.254409</td>\n",
              "      <td>0.154862</td>\n",
              "      <td>-0.050147</td>\n",
              "      <td>0.228984</td>\n",
              "      <td>0.116809</td>\n",
              "      <td>-0.156307</td>\n",
              "      <td>-0.394232</td>\n",
              "    </tr>\n",
              "    <tr>\n",
              "      <th>sodium</th>\n",
              "      <td>0.132558</td>\n",
              "      <td>-0.152149</td>\n",
              "      <td>-0.021551</td>\n",
              "      <td>1.000000</td>\n",
              "      <td>-0.138577</td>\n",
              "      <td>0.195749</td>\n",
              "      <td>0.047089</td>\n",
              "      <td>-0.152205</td>\n",
              "      <td>0.365300</td>\n",
              "      <td>-0.134266</td>\n",
              "      <td>0.144609</td>\n",
              "      <td>0.153235</td>\n",
              "      <td>-0.370928</td>\n",
              "    </tr>\n",
              "    <tr>\n",
              "      <th>fiber</th>\n",
              "      <td>-0.663329</td>\n",
              "      <td>0.461829</td>\n",
              "      <td>-0.012314</td>\n",
              "      <td>-0.138577</td>\n",
              "      <td>1.000000</td>\n",
              "      <td>-0.405664</td>\n",
              "      <td>-0.262234</td>\n",
              "      <td>0.908725</td>\n",
              "      <td>-0.091534</td>\n",
              "      <td>0.266303</td>\n",
              "      <td>0.114419</td>\n",
              "      <td>-0.503449</td>\n",
              "      <td>0.642710</td>\n",
              "    </tr>\n",
              "    <tr>\n",
              "      <th>carbo</th>\n",
              "      <td>0.199731</td>\n",
              "      <td>-0.120526</td>\n",
              "      <td>-0.405125</td>\n",
              "      <td>0.195749</td>\n",
              "      <td>-0.405664</td>\n",
              "      <td>1.000000</td>\n",
              "      <td>-0.501460</td>\n",
              "      <td>-0.461151</td>\n",
              "      <td>0.114982</td>\n",
              "      <td>-0.143032</td>\n",
              "      <td>-0.372195</td>\n",
              "      <td>0.446646</td>\n",
              "      <td>0.211908</td>\n",
              "    </tr>\n",
              "    <tr>\n",
              "      <th>sugars</th>\n",
              "      <td>0.378254</td>\n",
              "      <td>-0.493234</td>\n",
              "      <td>0.254409</td>\n",
              "      <td>0.047089</td>\n",
              "      <td>-0.262234</td>\n",
              "      <td>-0.501460</td>\n",
              "      <td>1.000000</td>\n",
              "      <td>-0.167533</td>\n",
              "      <td>0.054505</td>\n",
              "      <td>0.033678</td>\n",
              "      <td>0.279221</td>\n",
              "      <td>-0.000591</td>\n",
              "      <td>-0.765400</td>\n",
              "    </tr>\n",
              "    <tr>\n",
              "      <th>potass</th>\n",
              "      <td>-0.535713</td>\n",
              "      <td>0.502966</td>\n",
              "      <td>0.154862</td>\n",
              "      <td>-0.152205</td>\n",
              "      <td>0.908725</td>\n",
              "      <td>-0.461151</td>\n",
              "      <td>-0.167533</td>\n",
              "      <td>1.000000</td>\n",
              "      <td>-0.093558</td>\n",
              "      <td>0.333285</td>\n",
              "      <td>0.204816</td>\n",
              "      <td>-0.500466</td>\n",
              "      <td>0.489321</td>\n",
              "    </tr>\n",
              "    <tr>\n",
              "      <th>vitamins</th>\n",
              "      <td>0.057572</td>\n",
              "      <td>-0.089922</td>\n",
              "      <td>-0.050147</td>\n",
              "      <td>0.365300</td>\n",
              "      <td>-0.091534</td>\n",
              "      <td>0.114982</td>\n",
              "      <td>0.054505</td>\n",
              "      <td>-0.093558</td>\n",
              "      <td>1.000000</td>\n",
              "      <td>0.266203</td>\n",
              "      <td>0.189656</td>\n",
              "      <td>0.148098</td>\n",
              "      <td>-0.221229</td>\n",
              "    </tr>\n",
              "    <tr>\n",
              "      <th>shelf</th>\n",
              "      <td>-0.067530</td>\n",
              "      <td>0.085516</td>\n",
              "      <td>0.228984</td>\n",
              "      <td>-0.134266</td>\n",
              "      <td>0.266303</td>\n",
              "      <td>-0.143032</td>\n",
              "      <td>0.033678</td>\n",
              "      <td>0.333285</td>\n",
              "      <td>0.266203</td>\n",
              "      <td>1.000000</td>\n",
              "      <td>0.190762</td>\n",
              "      <td>-0.335269</td>\n",
              "      <td>0.025159</td>\n",
              "    </tr>\n",
              "    <tr>\n",
              "      <th>weight</th>\n",
              "      <td>-0.093900</td>\n",
              "      <td>-0.118919</td>\n",
              "      <td>0.116809</td>\n",
              "      <td>0.144609</td>\n",
              "      <td>0.114419</td>\n",
              "      <td>-0.372195</td>\n",
              "      <td>0.279221</td>\n",
              "      <td>0.204816</td>\n",
              "      <td>0.189656</td>\n",
              "      <td>0.190762</td>\n",
              "      <td>1.000000</td>\n",
              "      <td>-0.199583</td>\n",
              "      <td>-0.298124</td>\n",
              "    </tr>\n",
              "    <tr>\n",
              "      <th>cups</th>\n",
              "      <td>0.340815</td>\n",
              "      <td>-0.176032</td>\n",
              "      <td>-0.156307</td>\n",
              "      <td>0.153235</td>\n",
              "      <td>-0.503449</td>\n",
              "      <td>0.446646</td>\n",
              "      <td>-0.000591</td>\n",
              "      <td>-0.500466</td>\n",
              "      <td>0.148098</td>\n",
              "      <td>-0.335269</td>\n",
              "      <td>-0.199583</td>\n",
              "      <td>1.000000</td>\n",
              "      <td>-0.203160</td>\n",
              "    </tr>\n",
              "    <tr>\n",
              "      <th>rating</th>\n",
              "      <td>-0.647803</td>\n",
              "      <td>0.579989</td>\n",
              "      <td>-0.394232</td>\n",
              "      <td>-0.370928</td>\n",
              "      <td>0.642710</td>\n",
              "      <td>0.211908</td>\n",
              "      <td>-0.765400</td>\n",
              "      <td>0.489321</td>\n",
              "      <td>-0.221229</td>\n",
              "      <td>0.025159</td>\n",
              "      <td>-0.298124</td>\n",
              "      <td>-0.203160</td>\n",
              "      <td>1.000000</td>\n",
              "    </tr>\n",
              "  </tbody>\n",
              "</table>\n",
              "</div>"
            ],
            "text/plain": [
              "          calories   protein       fat    sodium     fiber     carbo  \\\n",
              "calories  1.000000 -0.181257  0.485225  0.132558 -0.663329  0.199731   \n",
              "protein  -0.181257  1.000000  0.149399 -0.152149  0.461829 -0.120526   \n",
              "fat       0.485225  0.149399  1.000000 -0.021551 -0.012314 -0.405125   \n",
              "sodium    0.132558 -0.152149 -0.021551  1.000000 -0.138577  0.195749   \n",
              "fiber    -0.663329  0.461829 -0.012314 -0.138577  1.000000 -0.405664   \n",
              "carbo     0.199731 -0.120526 -0.405125  0.195749 -0.405664  1.000000   \n",
              "sugars    0.378254 -0.493234  0.254409  0.047089 -0.262234 -0.501460   \n",
              "potass   -0.535713  0.502966  0.154862 -0.152205  0.908725 -0.461151   \n",
              "vitamins  0.057572 -0.089922 -0.050147  0.365300 -0.091534  0.114982   \n",
              "shelf    -0.067530  0.085516  0.228984 -0.134266  0.266303 -0.143032   \n",
              "weight   -0.093900 -0.118919  0.116809  0.144609  0.114419 -0.372195   \n",
              "cups      0.340815 -0.176032 -0.156307  0.153235 -0.503449  0.446646   \n",
              "rating   -0.647803  0.579989 -0.394232 -0.370928  0.642710  0.211908   \n",
              "\n",
              "            sugars    potass  vitamins     shelf    weight      cups    rating  \n",
              "calories  0.378254 -0.535713  0.057572 -0.067530 -0.093900  0.340815 -0.647803  \n",
              "protein  -0.493234  0.502966 -0.089922  0.085516 -0.118919 -0.176032  0.579989  \n",
              "fat       0.254409  0.154862 -0.050147  0.228984  0.116809 -0.156307 -0.394232  \n",
              "sodium    0.047089 -0.152205  0.365300 -0.134266  0.144609  0.153235 -0.370928  \n",
              "fiber    -0.262234  0.908725 -0.091534  0.266303  0.114419 -0.503449  0.642710  \n",
              "carbo    -0.501460 -0.461151  0.114982 -0.143032 -0.372195  0.446646  0.211908  \n",
              "sugars    1.000000 -0.167533  0.054505  0.033678  0.279221 -0.000591 -0.765400  \n",
              "potass   -0.167533  1.000000 -0.093558  0.333285  0.204816 -0.500466  0.489321  \n",
              "vitamins  0.054505 -0.093558  1.000000  0.266203  0.189656  0.148098 -0.221229  \n",
              "shelf     0.033678  0.333285  0.266203  1.000000  0.190762 -0.335269  0.025159  \n",
              "weight    0.279221  0.204816  0.189656  0.190762  1.000000 -0.199583 -0.298124  \n",
              "cups     -0.000591 -0.500466  0.148098 -0.335269 -0.199583  1.000000 -0.203160  \n",
              "rating   -0.765400  0.489321 -0.221229  0.025159 -0.298124 -0.203160  1.000000  "
            ]
          },
          "metadata": {
            "tags": []
          },
          "execution_count": 5
        }
      ]
    },
    {
      "cell_type": "markdown",
      "metadata": {
        "id": "HxIUJH6HtQAi"
      },
      "source": [
        "The result of the correletion shows that the variable are negatively correlated which mean that when one value increases the other variable decreases"
      ],
      "id": "HxIUJH6HtQAi"
    },
    {
      "cell_type": "code",
      "metadata": {
        "id": "ccugXl06tQAj",
        "outputId": "5b8c5b42-690e-48ef-fddf-de76ca5114e4"
      },
      "source": [
        "f, ax = plt.subplots(figsize = (18,18))\n",
        "sns.heatmap(cereals_df.corr(), annot = True, linewidths = 0.5, fmt = '.1f', ax=ax)\n",
        "plt.show()"
      ],
      "id": "ccugXl06tQAj",
      "execution_count": null,
      "outputs": [
        {
          "output_type": "display_data",
          "data": {
